[header]
width=16
height=16
tilewidth=16
tileheight=16
orientation=orthogonal

[tilesets]
tileset=sprite sheet.png,16,16,0,0

[layer]
type=Tile Layer 1
data=
2,2,2,2,2,2,2,2,2,2,2,2,2,2,2,2,
2,1,1,1,1,1,1,1,1,1,1,1,1,1,1,2,
2,1,1,1,1,1,1,1,1,1,1,1,1,0,1,2,
2,3,3,3,3,1,1,1,1,1,1,1,3,3,3,2,
2,1,1,1,1,1,1,1,1,1,1,1,1,1,1,2,
2,1,1,1,1,1,1,3,3,3,3,1,1,1,1,2,
2,1,1,1,3,3,1,1,1,1,1,1,1,1,1,2,
2,1,1,3,3,1,1,1,1,1,1,1,1,1,1,2,
2,3,1,1,1,1,1,1,1,1,1,1,1,1,1,2,
2,3,3,1,1,1,1,1,1,3,3,3,3,1,1,2,
2,3,3,3,1,1,1,1,1,1,1,1,1,1,3,2,
2,3,3,3,3,3,3,3,1,1,1,1,1,3,3,2,
2,1,1,1,1,1,1,3,1,1,1,1,3,3,3,2,
2,1,1,0,3,1,1,1,1,1,1,3,3,3,3,2,
2,1,1,3,3,1,1,1,1,1,3,3,3,3,3,2,
2,2,2,2,2,2,2,2,2,2,2,2,2,2,2,2

[Object Layer 1]
# Stat
type=Start
location=1,14,1,1

